-------------------------------------------------------------------------------
Language                    Files       Lines     Blanks    Comments       Code
-------------------------------------------------------------------------------
C#                            107      23,704      3,110         589     20,005
XAML                           31       6,034        262         170      5,602
Powershell                     16         907        120           3        784
HTML                           10       6,217      4,856           0      1,361
CSS                             7          91         13           4         74
XML                             4         246        198           0         48
JavaScript                      1           5          0           4          1
Sass                            1          15          5           0         10
TOML                            1         188          7          19        162
-------------------------------------------------------------------------------
Total                         178      37,407      8,571         789     28,047
-------------------------------------------------------------------------------
37,407 lines of code and counting...
